[ROOT]
h_0
37
[ROOT_PROBABILITY]
0.29199951627678 0.19538409750139 0.25800377555607 0.25461261066576
[TREE_STRUCTURE]
74 38 73
[NODE_NAMES]
Abi
Aco
Ame
Ara
Ath
Atr
Bdi
Cep
Cga
Cun
Cyc
Eph
Fok
Gin
Gma
Gne
Lja
Ltu
Mac
Met
Nad
Nag
Osa
Paq
Pda
Pin
Pla
Pod
Pse
Ptr
Sci
Sly
Tax
Tor
Vvi
Wel
Zam
h_0
h_1
h_10
h_11
h_12
h_13
h_14
h_15
h_16
h_17
h_18
h_19
h_2
h_20
h_21
h_22
h_23
h_24
h_25
h_26
h_27
h_28
h_29
h_3
h_30
h_31
h_32
h_33
h_34
h_35
h_4
h_5
h_6
h_7
h_8
h_9
smi
[EDGES]
73
h_0 Nag 0.01372100000000
[TRANSITION_MATRIX_0]
0.98969112578600 0.00000000000000 0.00687293758764 0.00343593662636
0.00000000000000 0.98309160393599 0.00000000000000 0.01690839606401
0.00391726828371 0.00000000000000 0.99608273171629 0.00000000000000
0.00000000000000 0.00753903822265 0.00000000000000 0.99246096177735
h_1 Ara 0.07108300000000
[TRANSITION_MATRIX_1]
0.91227587829328 0.01388038975236 0.03952686357009 0.03431686838427
0.01181552399917 0.92839452745847 0.01112685019215 0.04866309835021
0.01443292636105 0.00000000000000 0.96604797009739 0.01951910354156
0.01376053434598 0.05022649095951 0.00745907746389 0.92855389723062
h_3 Sci 0.06135600000000
[TRANSITION_MATRIX_2]
0.95220634101475 0.01049976097238 0.02666829158988 0.01062560642299
0.04027075710971 0.89221147592241 0.01093786589361 0.05657990107426
0.03785510406187 0.01152030339487 0.92402451007218 0.02660008247109
0.01713508422755 0.02911561430983 0.01123735443131 0.94251194703132
h_5 Cep 0.03317300000000
[TRANSITION_MATRIX_3]
0.97765089852797 0.00349197695799 0.01885712451404 0.00000000000000
0.01592100248755 0.94664233016494 0.00000000000000 0.03743666734751
0.03166096633291 0.00776596605092 0.95613579750637 0.00443727010980
0.00379450463233 0.03972142436733 0.00378139512959 0.95270267587075
h_7 Ame 0.01520100000000
[TRANSITION_MATRIX_4]
0.99226582514696 0.00419779990287 0.00353637495017 0.00000000000000
0.00952792892938 0.97957144763015 0.00000000000000 0.01090062344047
0.02027000470677 0.00000000000000 0.97972999529323 0.00000000000000
0.00000000000000 0.00948465084245 0.00747638306109 0.98303896609646
h_7 Tor 0.02324000000000
[TRANSITION_MATRIX_5]
0.98895459282973 0.00000000000000 0.00684827940121 0.00419712776905
0.00000000000000 0.97109790132289 0.00537508074479 0.02352701793232
0.00766873507541 0.00087412563984 0.99145713928475 0.00000000000000
0.00000000000000 0.02649480233967 0.00000000000000 0.97350519766033
h_6 h_7 0.01187500000000
[TRANSITION_MATRIX_6]
0.98896939447264 0.00300063081867 0.00802997469639 0.00000000001231
0.00542367467756 0.98918951926789 0.00000000000000 0.00538680605455
0.00000000000000 0.00682607361986 0.99317392638014 0.00000000000000
0.00000000000000 0.00368296023198 0.00000000000000 0.99631703976802
h_8 Pse 0.01709200000000
[TRANSITION_MATRIX_7]
0.98261947654540 0.00000000000000 0.00700874897655 0.01037177447805
0.00000000000000 0.96949602706145 0.00553972229473 0.02496425064382
0.00805433915310 0.00000000000000 0.98791290225234 0.00403275859456
0.00000000000000 0.02331735484841 0.00000000000000 0.97668264515159
h_8 Tax 0.01994600000000
[TRANSITION_MATRIX_8]
0.98968451837834 0.00340938996298 0.00690609165868 0.00000000000000
0.00001233756729 0.99998766243271 0.00000000000000 0.00000000000000
0.00780281866189 0.00000000000000 0.98831885301486 0.00387832832325
0.00234822808598 0.02442564081008 0.00000000000000 0.97322613110394
h_6 h_8 0.02344400000000
[TRANSITION_MATRIX_9]
0.99641669170044 0.00000000000000 0.00358330829956 0.00000000000000
0.01589295065009 0.98410704934991 0.00000000000000 0.00000000000000
0.01068511437844 0.00000000000000 0.98548078703352 0.00383409858803
0.00134550974347 0.00000000000000 0.00753642782593 0.99111806243060
h_5 h_6 0.00178200000000
[TRANSITION_MATRIX_10]
0.99639742982703 0.00000000000000 0.00360257017297 0.00000000000000
0.00000000000000 0.98969402197101 0.00470990461524 0.00559607341376
0.00391440946089 0.00000000000000 0.99608559053911 0.00000000000000
0.00375925521761 0.00000000000000 0.00000000000000 0.99624074478239
h_4 h_5 0.00921000000000
[TRANSITION_MATRIX_11]
0.99640086144322 0.00000000000000 0.00359913855678 0.00000000000000
0.00581416567728 0.98128261574166 0.00612674848489 0.00677647009617
0.00000000000000 0.01134053178336 0.97382231229361 0.01483715592302
0.00366015789881 0.01720709933134 0.00379716758300 0.97533557518685
h_10 Met 0.02153400000000
[TRANSITION_MATRIX_12]
0.97353627923950 0.00347580078236 0.01720299641467 0.00578492356347
0.00000000000000 0.97701970630139 0.01087074905957 0.01210954463904
0.00000000000000 0.00000000000000 1.00000000000000 0.00000000000000
0.00000000000000 0.01555281805485 0.00000000000000 0.98444718194515
h_11 Pla 0.02674000000000
[TRANSITION_MATRIX_13]
0.97583783905759 0.00345572687243 0.01050639812145 0.01020003594853
0.00000000000000 0.97687350887881 0.00525562900462 0.01787086211656
0.02377512958392 0.00392564415900 0.96834716098131 0.00395206527577
0.01517037209192 0.01160672271974 0.00000000000000 0.97322290518834
h_11 Fok 0.01604900000000
[TRANSITION_MATRIX_14]
0.97901782016857 0.00000000000000 0.01399600414760 0.00698617568382
0.00727277163732 0.98228998036720 0.00522477899175 0.00521246900373
0.00403582579662 0.00392622836103 0.99203794584235 0.00000000000000
0.00637435672558 0.02278915655556 0.00000556280356 0.97083092391530
h_10 h_11 0.02017700000000
[TRANSITION_MATRIX_15]
0.98618233066907 0.00339260844209 0.00694331678251 0.00348174410633
0.00808783772684 0.97372522628727 0.00000000000012 0.01818693598576
0.00417582442216 0.00796240646777 0.98786176911007 0.00000000000000
0.01030063015061 0.01948731818021 0.00000010180402 0.97021194986516
h_9 h_10 0.00931500000000
[TRANSITION_MATRIX_16]
0.99534100244602 0.00000031959409 0.00000000452626 0.00465867343364
0.00000000000766 0.97538352632826 0.00000000000000 0.02461647366409
0.01979977280145 0.00390325506771 0.97629697213084 0.00000000000000
0.00000000000000 0.00303147944259 0.00378697792965 0.99318154262776
h_9 Cun 0.01903100000000
[TRANSITION_MATRIX_17]
0.98935747644523 0.00000000000000 0.01064252355477 0.00000000000000
0.00527134983716 0.96757121216811 0.00520724670044 0.02195019129429
0.01621407565670 0.00000000000000 0.97992506721631 0.00386085712699
0.00382413399103 0.01587335762255 0.00000000000000 0.98030250838642
h_4 h_9 0.03354000000000
[TRANSITION_MATRIX_18]
0.97174835970512 0.01302314862934 0.00715737925380 0.00807111241174
0.00000000000000 0.99999770713530 0.00000000000329 0.00000229286141
0.02494205264809 0.00000000000000 0.97505794735191 0.00000000000000
0.00000000000000 0.02286787303492 0.00425575828038 0.97287636868471
h_3 h_4 0.02362400000000
[TRANSITION_MATRIX_19]
0.97020011387273 0.00380777304915 0.01528659503579 0.01070551804233
0.00549970828900 0.97553012738701 0.01601329943256 0.00295686489143
0.01929033765649 0.00000000000000 0.97683788111186 0.00387178123165
0.01139229678673 0.00255087688523 0.00000000018715 0.98605682614089
h_2 h_3 0.00910500000000
[TRANSITION_MATRIX_20]
0.97887855911632 0.00000000000000 0.01769560932854 0.00342583155514
0.00000000000000 0.98783973702893 0.00000000000000 0.01216026297107
0.00000000000000 0.00000000000000 1.00000000000000 0.00000000000000
0.00000000000000 0.02259748852931 0.00000000025282 0.97740251121788
h_15 Lja 0.19207900000000
[TRANSITION_MATRIX_21]
0.78184545236680 0.04973740451584 0.11097747952047 0.05743966359689
0.00006856069478 0.94950283540512 0.04307432707176 0.00735427682834
0.02940082930610 0.01779056727030 0.94925098001291 0.00355762341069
0.05861238365256 0.14230905744046 0.04683985058866 0.75223870831831
h_16 Paq 0.11484100000000
[TRANSITION_MATRIX_22]
0.83688380320488 0.05096596971909 0.07771800839469 0.03443221868133
0.02850299852180 0.92557445991420 0.00755265248435 0.03836988907965
0.04296986835841 0.01384586073564 0.92456376351213 0.01862050739382
0.01501992696291 0.13211578617685 0.04840463620092 0.80445965065932
h_16 Cga 0.21226800000000
[TRANSITION_MATRIX_23]
0.86000267230576 0.01838350849250 0.06231339592830 0.05930042327343
0.00613817109494 0.96720448003239 0.01209823443873 0.01455911443393
0.06552235708561 0.00449508821858 0.92998254775976 0.00000000693605
0.06457046275392 0.09990286788791 0.01473922899158 0.82078744036659
h_15 h_16 0.10944600000000
[TRANSITION_MATRIX_24]
0.88485221398042 0.03505517849035 0.04852638236504 0.03156622516419
0.03309751853741 0.92251771801299 0.00000246086409 0.04438230258552
0.01352237821531 0.00000000000055 0.95938929179114 0.02708832999300
0.01063399585151 0.02802473516154 0.00374971350986 0.95759155547709
h_14 h_15 0.33159000000000
[TRANSITION_MATRIX_25]
0.83944885286314 0.04958355653089 0.02129027517025 0.08967731543572
0.16090538371004 0.68679019778835 0.06423595274829 0.08806846575332
0.11427263953774 0.02747418836906 0.83323959832312 0.02501357377008
0.11191386071374 0.00957623463428 0.04262373763068 0.83588616702129
h_17 Atr 0.19551400000000
[TRANSITION_MATRIX_26]
0.91617256929624 0.00625392423517 0.05494615048129 0.02262735598729
0.03716432831517 0.87063578664608 0.02075624299006 0.07144364204870
0.09026313459032 0.01955633595199 0.88582363966675 0.00435688979094
0.04156002633411 0.09588498860207 0.01616384770205 0.84639113736177
h_18 Nad 0.19751600000000
[TRANSITION_MATRIX_27]
0.89678183225455 0.02359507222363 0.04129221802921 0.03833087749262
0.05782107995169 0.86788726753743 0.00420073424550 0.07009091826538
0.07048662598346 0.01599854312853 0.88110811264951 0.03240671823850
0.03047283556869 0.09152169530988 0.00422607773990 0.87377939138153
h_21 Pda 0.09961100000000
[TRANSITION_MATRIX_28]
0.95557996499380 0.00000000000000 0.01706208914746 0.02735794585874
0.01118905790442 0.86699925178189 0.02762593019102 0.09418576012267
0.07906121367733 0.01350348494224 0.88992235589645 0.01751294548398
0.02637346953161 0.04997246009677 0.01010946408105 0.91354460629057
h_21 Mac 0.13862900000000
[TRANSITION_MATRIX_29]
0.92773726930107 0.02936205554713 0.02935555420239 0.01354512094941
0.06203187446549 0.87269517488744 0.01633294334907 0.04894000729800
0.06309644838165 0.02161806345972 0.87744622680248 0.03783926135615
0.03386222008036 0.06547783300378 0.00000000000000 0.90065994691586
h_20 h_21 0.02088000000000
[TRANSITION_MATRIX_30]
0.97631649761379 0.00000000000000 0.01206644117881 0.01161706120740
0.00000179194586 0.97646119245273 0.01153086567732 0.01200614992409
0.01423604024083 0.00000000000000 0.98576395975912 0.00000000000005
0.00446461431066 0.02004618398830 0.00078286846058 0.97470633324046
h_22 Osa 0.06851200000000
[TRANSITION_MATRIX_31]
0.95052414031918 0.00985742327442 0.02285666706088 0.01676176934552
0.00538756555656 0.93470652110708 0.02389734614546 0.03600856719090
0.06249660559257 0.01730239201787 0.91532809332501 0.00487290906455
0.00702224684157 0.04180902846317 0.01577709720051 0.93539162749475
h_22 Bdi 0.07997000000000
[TRANSITION_MATRIX_32]
0.87124208109860 0.02492736173117 0.08276704485074 0.02106351231949
0.01981912296653 0.90578581095080 0.04139932926211 0.03299573682056
0.03691591299141 0.02160803030483 0.92628331280639 0.01519274389737
0.03100268771096 0.12923629956163 0.01872846988237 0.82103254284503
h_20 h_22 0.21952100000000
[TRANSITION_MATRIX_33]
0.83980556719358 0.03809405501938 0.06629804675181 0.05580233103523
0.01469754894326 0.93504597300370 0.02671010486194 0.02354637319111
0.02271425759141 0.02268845998689 0.94444126713665 0.01015601528504
0.04378070221355 0.13333472529426 0.01352213712538 0.80936243536680
h_19 h_20 0.08393100000000
[TRANSITION_MATRIX_34]
0.96500080841302 0.01250016999702 0.02231206080217 0.00018696078779
0.02707492788239 0.97292463564754 0.00000000000250 0.00000043646757
0.02032946114257 0.00005256536331 0.97120034464555 0.00841762884857
0.00911375739391 0.09922841585434 0.01907868303077 0.87257914372098
h_25 Vvi 0.10842500000000
[TRANSITION_MATRIX_35]
0.90555603839455 0.01281032343606 0.05636788023278 0.02526575793662
0.01740201786461 0.88859314572281 0.01639143648953 0.07761339992305
0.03210186222598 0.00000000000000 0.95807959454898 0.00981854322504
0.03268171767431 0.07439837640285 0.01553039115560 0.87738951476725
h_27 Gma 0.18631300000000
[TRANSITION_MATRIX_36]
0.86373900149809 0.03208767461301 0.07682802076084 0.02734530312806
0.04915755864130 0.84798784115473 0.01102557350460 0.09182902669937
0.04283125947915 0.03135568816266 0.89960946078853 0.02620359156967
0.02903158094715 0.13426223322557 0.04402384594147 0.79268233988582
h_28 Ptr 0.12603200000000
[TRANSITION_MATRIX_37]
0.90932683306408 0.01708301112808 0.05085369304795 0.02273646275990
0.03200535151984 0.91355415612421 0.01054536681820 0.04389512553775
0.04974454802958 0.00402913385556 0.92362764975214 0.02259866836272
0.02809222320857 0.05667085143402 0.00511940262740 0.91011752273002
h_28 Ath 0.28675800000000
[TRANSITION_MATRIX_38]
0.77628827214400 0.06324811953511 0.11449673724070 0.04596687108019
0.06023045023478 0.79190345225782 0.02108909928092 0.12677699822647
0.05839800539691 0.01150104891668 0.88973648724275 0.04036445844365
0.05508266134708 0.11932806635255 0.02632995720184 0.79925931509852
h_27 h_28 0.02144500000000
[TRANSITION_MATRIX_39]
0.99052319901724 0.00418727843215 0.00000000000562 0.00528952254499
0.00000000000008 0.99999999792123 0.00000000000000 0.00000000207869
0.00930415482166 0.00210708192164 0.98858876325670 0.00000000000000
0.01803009257789 0.00006112948835 0.00002753624473 0.98188124168904
h_26 h_27 0.01834100000000
[TRANSITION_MATRIX_40]
0.97562936110702 0.00000000000000 0.00587042036121 0.01850021853177
0.00000000000397 0.99998451170479 0.00001548803262 0.00000000025862
0.00182010810959 0.00245692872343 0.99453867895171 0.00118428421527
0.00795600764206 0.00087232376250 0.00000000000000 0.99117166859544
h_26 Sly 0.23595400000000
[TRANSITION_MATRIX_41]
0.88911700477151 0.01592875550153 0.04354885277371 0.05140538695324
0.07245371684133 0.80230828028283 0.01755059799934 0.10768740487651
0.08731736501018 0.01290314925176 0.87303510368147 0.02674438205659
0.07593587776314 0.08991792720044 0.05147572011020 0.78267047492622
h_25 h_26 0.01253600000000
[TRANSITION_MATRIX_42]
0.97852064669228 0.00000000080432 0.00000118444989 0.02147816805351
0.00808220747228 0.98646624484627 0.00545154763491 0.00000000004653
0.00654237123579 0.00000000000000 0.99094696130347 0.00251066746074
0.00000000000002 0.00000000101600 0.01293909783183 0.98706090115215
h_24 h_25 0.04882100000000
[TRANSITION_MATRIX_43]
0.93761236249597 0.00000000000000 0.01383120861471 0.04855642888932
0.02553370449940 0.96891589960036 0.00555039589896 0.00000000000128
0.03380826956026 0.00000000000000 0.95406740179660 0.01212432864314
0.03014774092119 0.02295950578241 0.00000000045411 0.94689275284229
h_24 Aco 0.18539900000000
[TRANSITION_MATRIX_44]
0.92552058743951 0.00845129164402 0.02686528360136 0.03916283731511
0.03160067329885 0.85100848916208 0.01761710939669 0.09977372814238
0.08040368899192 0.01498619047494 0.88869699375591 0.01591312677722
0.02186704231264 0.06406779929824 0.02281480440646 0.89125035398266
h_23 h_24 0.04257900000000
[TRANSITION_MATRIX_45]
0.97978961251371 0.00084301551305 0.00690380255337 0.01246356941988
0.00902261153164 0.99097614544475 0.00000000000000 0.00000124302361
0.03117013584161 0.00000000000000 0.96214881491920 0.00668104923919
0.02185285337033 0.01409680738788 0.00310317766543 0.96094716157636
h_23 Ltu 0.12524900000000
[TRANSITION_MATRIX_46]
0.93019517177210 0.03585078079885 0.01442637621358 0.01952767121548
0.00470427450075 0.89187980812881 0.03352316797742 0.06989274939302
0.05061510392073 0.01567279002326 0.92412212662965 0.00958997942635
0.01832024935220 0.09085215456285 0.01542442345302 0.87540317263194
h_19 h_23 0.01304000000000
[TRANSITION_MATRIX_47]
0.97795891103255 0.00000062675146 0.00581614862080 0.01622431359519
0.02350654047771 0.95669607419443 0.01090099353213 0.00889639179573
0.01107369425988 0.00016019339181 0.97286051124179 0.01590560110651
0.01497386825652 0.00946695358618 0.00909929169731 0.96645988645999
h_18 h_19 0.04782400000000
[TRANSITION_MATRIX_48]
0.94379514749226 0.00000000000000 0.03677733579616 0.01942751671159
0.02989408619958 0.94351798307064 0.00579415566069 0.02079377506909
0.00807025716468 0.00523608474384 0.98373890869023 0.00295474940124
0.00000000028787 0.01194632409980 0.00529283628682 0.98276083932551
h_17 h_18 0.02722900000000
[TRANSITION_MATRIX_49]
0.95353776009669 0.01651308831842 0.01538127912150 0.01456787246338
0.01593093790182 0.97626161317019 0.00000010247250 0.00780734645549
0.00000055694584 0.00000000644695 0.99999898492868 0.00000045167853
0.00532985669457 0.03466314896894 0.00175483591187 0.95825215842462
h_14 h_17 0.15222400000000
[TRANSITION_MATRIX_50]
0.89616476252592 0.04647243063177 0.03996294285187 0.01739986399044
0.01531315995717 0.95507965734508 0.01799428934577 0.01161289335197
0.00686516454239 0.01571103297682 0.97152759983204 0.00589620264875
0.06024810991214 0.03002665444821 0.00008967909940 0.90963555654025
h_13 h_14 0.08409300000000
[TRANSITION_MATRIX_51]
0.92754611888593 0.00000127981324 0.03179093538825 0.04066166591258
0.02146001365238 0.91243802561695 0.00667294208778 0.05942901864290
0.04605754427601 0.02242468865160 0.93151775809926 0.00000000897313
0.02063652255845 0.03144924574748 0.01274155531366 0.93517267638041
h_30 Zam 0.06677700000000
[TRANSITION_MATRIX_52]
0.95020253707187 0.01043066305066 0.03243204562005 0.00693475425743
0.01621942360350 0.93934538472488 0.01084155878671 0.03359363288491
0.03212178113778 0.01159827605826 0.94076358280706 0.01551635999690
0.00534637686341 0.04677953361433 0.00784147715529 0.94003261236697
h_30 Cyc 0.04675700000000
[TRANSITION_MATRIX_53]
0.95388103107042 0.00701808082706 0.02334206666041 0.01575882144212
0.00005765778068 0.98291697090928 0.00000000000012 0.01702537130992
0.02717450705994 0.00000000000000 0.97282549294006 0.00000000000000
0.01511469185232 0.04291070144300 0.00376827692878 0.93820632977590
h_29 h_30 0.04653100000000
[TRANSITION_MATRIX_54]
0.97841062807234 0.00000000000000 0.01288939005797 0.00869998186969
0.00893851723690 0.96550783263040 0.00797847989914 0.01757517023356
0.02989051044506 0.00497486407410 0.95629711793934 0.00883750754149
0.00000000137494 0.02630736725385 0.00389886791155 0.96979376345966
h_29 Gin 0.07436700000000
[TRANSITION_MATRIX_55]
0.95470466867104 0.01734995656986 0.01735499609879 0.01059037866031
0.02752033202249 0.94668091608665 0.00563113634136 0.02016761554950
0.02309537533710 0.00756076856079 0.96171316767756 0.00763068842454
0.00919680310922 0.03798826178721 0.01119194304360 0.94162299205997
h_13 h_29 0.01648200000000
[TRANSITION_MATRIX_56]
0.97386346667180 0.00000000000000 0.02613649104424 0.00000004228396
0.00000000000000 0.99491251479617 0.00000010108782 0.00508738411600
0.00596159306220 0.01187204917448 0.98216635776332 0.00000000000000
0.00379153867583 0.00302530934015 0.00867199140835 0.98451116057567
h_12 h_13 0.02880400000000
[TRANSITION_MATRIX_57]
0.98417884282295 0.00343366903194 0.00855945792816 0.00382803021694
0.00000000000000 0.98920232032008 0.00000438149057 0.01079329818935
0.00000000000477 0.00000000000000 0.99602707526845 0.00397292472678
0.01269478924370 0.00000000000000 0.00000000000000 0.98730521075630
h_32 Eph 0.21753600000000
[TRANSITION_MATRIX_58]
0.88166021050238 0.04092829457377 0.04614489613155 0.03126659879230
0.01051713534470 0.87891689269844 0.03669655089618 0.07386942106068
0.06491290584381 0.02871013747895 0.89688627319197 0.00949068348527
0.02659205853947 0.09081708422588 0.01837722780039 0.86421362943426
h_33 Gne 0.17191700000000
[TRANSITION_MATRIX_59]
0.85582639580905 0.03730657880536 0.08775424302889 0.01911278235670
0.00711143460756 0.86657795763550 0.06199611663812 0.06431449111882
0.08083477218329 0.04184042722335 0.83725343381820 0.04007136677517
0.05241565121644 0.07239550519008 0.03836342877946 0.83682541481402
h_33 Wel 0.14780900000000
[TRANSITION_MATRIX_60]
0.87310845362896 0.04413080721120 0.05454764268444 0.02821309647540
0.04262204537068 0.87480273889240 0.01177344673797 0.07080176899895
0.06599703967207 0.00443530389986 0.91884328141565 0.01072437501241
0.03355085090446 0.09290708660874 0.01382158851142 0.85972047397538
h_32 h_33 0.04963800000000
[TRANSITION_MATRIX_61]
0.99190297232229 0.00000000000000 0.00809702696520 0.00000000071251
0.03200987606658 0.95906736490648 0.00544296239890 0.00347979662804
0.00957685542770 0.00494744861213 0.98547372337025 0.00000197258992
0.03247661222746 0.01014972380368 0.00002755523892 0.95734610872993
h_31 h_32 0.12560400000000
[TRANSITION_MATRIX_62]
0.92303659177076 0.01125501042404 0.02571819567761 0.03999020212759
0.05126997558139 0.88225070110620 0.00879403404919 0.05768528926322
0.05770299308279 0.00000015264035 0.92909256138488 0.01320429289198
0.05722497052791 0.03131585837815 0.00000000000000 0.91145917109394
h_34 Abi 0.03004100000000
[TRANSITION_MATRIX_63]
0.96615201574463 0.01031985292157 0.02352813133380 0.00000000000000
0.01621602872349 0.96743374930528 0.00000000000000 0.01635022197124
0.01492000954240 0.00000000000000 0.98096439810033 0.00411559235727
0.01457797578120 0.02900075763697 0.00000000000000 0.95642126658183
h_35 Pin 0.03476600000000
[TRANSITION_MATRIX_64]
0.96292260892856 0.00677422698167 0.03030316408977 0.00000000000000
0.00000000000000 0.96517842289569 0.00000000000000 0.03482157710431
0.02314552958779 0.00406636238243 0.97278810802978 0.00000000000000
0.00362981894258 0.01940761100381 0.00000000000000 0.97696257005361
h_35 smi 0.01871900000000
[TRANSITION_MATRIX_65]
0.97474598603338 0.00337519436070 0.01513134644384 0.00674747316208
0.00532542321914 0.97398544805731 0.00542864360246 0.01526048512109
0.00872406965208 0.00000000000000 0.99127593034792 0.00000000000000
0.00000000000000 0.01712053721970 0.00000000000000 0.98287946278030
h_34 h_35 0.00909500000000
[TRANSITION_MATRIX_66]
0.98971727749647 0.00364010801594 0.00664261448759 0.00000000000000
0.01092011855284 0.98907988144716 0.00000000000000 0.00000000000000
0.00010318406626 0.00409684285763 0.98762326019756 0.00817671287855
0.00734226083022 0.01154365102790 0.00000000000000 0.98111408814188
h_31 h_34 0.04523900000000
[TRANSITION_MATRIX_67]
0.98660366468084 0.00331986944124 0.00669989701826 0.00337656885966
0.01768625553080 0.97065373878320 0.00562433343081 0.00603567225519
0.01630949931020 0.00379358064945 0.97176045222651 0.00813646781384
0.00000000000002 0.02358073216629 0.00000000000000 0.97641926783368
h_12 h_31 0.02098900000000
[TRANSITION_MATRIX_68]
0.97668621381804 0.00653264400986 0.00000000000046 0.01678114217164
0.02236277408295 0.97233654910381 0.00000000000000 0.00530067681324
0.01670284085483 0.00000116763792 0.97479659729712 0.00849939421013
0.00000000000000 0.00428468294787 0.00000000000000 0.99571531705213
h_2 h_12 0.04361800000000
[TRANSITION_MATRIX_69]
0.96809252003955 0.00354284849799 0.02078865536140 0.00757597610107
0.01753029850335 0.97492183241007 0.00000000000000 0.00754786908658
0.02268473947958 0.00000000000000 0.97282789286031 0.00448736766011
0.00394722220507 0.01142557547803 0.00376790494816 0.98085929736874
h_1 h_2 0.01524800000000
[TRANSITION_MATRIX_70]
0.97816460327432 0.00000002298504 0.00621543483702 0.01561993890362
0.00000000000000 0.99313081929072 0.00653733185750 0.00033184885178
0.00312975261688 0.00000000000003 0.99687024738309 0.00000000000000
0.00000000000000 0.00714949450050 0.00000000000000 0.99285050549950
h_0 h_1 0.08363000000000
[TRANSITION_MATRIX_71]
0.93872697429862 0.02074250555051 0.01725590412315 0.02327461602772
0.02065244204447 0.85349858089906 0.02175041442149 0.10409856263497
0.04066649722235 0.00391107771186 0.92817909930670 0.02724332575910
0.03530316867504 0.02545912285919 0.01997330574866 0.91926440271710
h_0 Pod 0.01282600000000
[TRANSITION_MATRIX_72]
0.98968814077262 0.00000000000000 0.00687526119947 0.00343659802791
0.00512008833130 0.98409776508776 0.00512685314990 0.00565529343104
0.00391915889451 0.00387591227239 0.98832897542099 0.00387595341211
0.00000000000000 0.00283939712690 0.00392012919970 0.99324047367340
[PARENT_MAP]
65 54 70 38 58 46 52 68 45 72 61 63 40 59 57 64 44 53 51 39 47 37 52 45 51 66 40 37 71 58 60 56 71 70 55 64 61 -1 37 72 39 49 41 42 43 44 43 46 47 38 48 50 50 48 53 54 55 56 57 42 49 59 41 62 63 62 65 60 67 68 69 69 67 66
